seth@knowledge:~/QueensProg/Queens-11-15-06$ diffs8.pl
0:0,0,0,0,0,0,0,0,0,0,0,
1:0,0,0,0,0,0,0,0,0,0,0,
2:0,0,0,0,0,0,0,0,0,0,0,
3:0,0,0,0,0,0,0,0,0,0,0,
4:0,0,0,0,0,0,0,0,0,0,0,
5:0,0,0,0,0,0,0,0,0,0,0,
6:0,0,0,0,0,0,0,0,0,0,0,
7:40,40,40,40,40,40,40,40,40,40,40,
8:312,272,232,192,152,112,72,32,-8,-48,-88,
9:2038,1726,1454,1222,1030,878,766,694,662,670,718,
10:9632,7594,5868,4414,3192,2162,1284,518,-176,-838,-1508,
11:37248,27616,20022,14154,9740,6548,4386,3102,2584,2760,3598,
12:120104,82856,55240,35218,21064,11324,4776,390,-2712,-5296,-8056,
13:335010,214906,132050,76810,41592,20528,9204,4428,4038,6750,12046,
14:835056,500046,285140,153090,76280,34688,14160,4956,528,-3510,-10260,
15:1897702,1062646,562600,277460,124370,48090,13402,-758,-5714,-6242,-2732,
16:3998456,2100754,1038108,475508,198048,73678,25588,12186,12944,18658,24900,
17:7907094,3908638,1807884,769776,294268,96220,22542,-3046,-15232,-28176,-46834,
18:14818300,6911206,3002568,1194684,424908,130640,34420,11878,14924,30156,58332,
19:26512942,11694642,4783436,1780868,586184,161276,30636,-3784,-15662,-30586,-60742,
20:45562852,19049910,7355268,2571832,790964,204780,43504,12868,16652,32314,62900,
21:75580634,30017782,10967872,3612604,1040772,249808,45028,1524,-11344,-27996,-60310,
22:121520020,45939386,15921604,4953732,1341128,300356,50548,5520,3996,15340,43336,
23:190031678,68511658,22572272,6650668,1696936,355808,55452,4904,-616,-4612,-19952,
24:289879092,99847414,31335756,8763484,2112816,415880,60072,4620,-284,332,4944,
25:432420154,142541062,42693648,11357892,2594408,481592,65712,5640,1020,1304,972,
26:632159540,199739386,57198324,14504676,3146784,552376,70784,5072,-568,-1588,-2892,
27:907376502,275216962,75477576,18279252,3774576,627792,75416,4632,-440,128,1716,
28:1280833348,373456846,98239884,22762308,4483056,708480,80688,5272,640,1080,952,
29:1780569602,499736254,126279408,28039524,5277216,794160,85680,4992,-280,-920,-2000,
30:-1854180412,-3634750014,-4134486268,-4260765676,-4288805200,-4294082416,-4294876576,-4294962256,-4294967248,-429496696
8,-4294966048,
seth@knowledge:~/QueensProg/Queens-11-15-06$ 



seth@knowledge:~/QueensProg/Queens-11-15-06$ diffs_startn.pl 
7:40,
8:312,272,
9:2038,1726,1454,
10:9632,7594,5868,4414,
11:37248,27616,20022,14154,9740,
12:120104,82856,55240,35218,21064,11324,
13:335010,214906,132050,76810,41592,20528,9204,
14:835056,500046,285140,153090,76280,34688,14160,4956,
15:1897702,1062646,562600,277460,124370,48090,13402,-758,-5714,
16:3998456,2100754,1038108,475508,198048,73678,25588,12186,12944,18658,
17:7907094,3908638,1807884,769776,294268,96220,22542,-3046,-15232,-28176,-46834,
18:14818300,6911206,3002568,1194684,424908,130640,34420,11878,14924,30156,58332,
19:26512942,11694642,4783436,1780868,586184,161276,30636,-3784,-15662,-30586,-60742,
20:45562852,19049910,7355268,2571832,790964,204780,43504,12868,16652,32314,62900,
21:75580634,30017782,10967872,3612604,1040772,249808,45028,1524,-11344,-27996,-60310,
22:121520020,45939386,15921604,4953732,1341128,300356,50548,5520,3996,15340,43336,
23:190031678,68511658,22572272,6650668,1696936,355808,55452,4904,-616,-4612,-19952,
24:289879092,99847414,31335756,8763484,2112816,415880,60072,4620,-284,332,4944,
25:432420154,142541062,42693648,11357892,2594408,481592,65712,5640,1020,1304,972,
26:632159540,199739386,57198324,14504676,3146784,552376,70784,5072,-568,-1588,-2892,
27:907376502,275216962,75477576,18279252,3774576,627792,75416,4632,-440,128,1716,
28:1280833348,373456846,98239884,22762308,4483056,708480,80688,5272,640,1080,952,
29:1780569602,499736254,126279408,28039524,5277216,794160,85680,4992,-280,-920,-2000,
30:-1854180412,-3634750014,-4134486268,-4260765676,-4288805200,-4294082416,-4294876576,-4294962256,-4294967248,-4294966968,-4294966048,
31:-992137746,862042666,4496792680,8631278948,12892044624,17180849824,21474932240,25769808816,30064771072,34359738320,38654705288,


seth@knowledge:~/QueensProg/Queens-11-15-06$ ./queens --nrows 7 --ncols 31 
3302829550

seth@knowledge:~/QueensProg/Queens-11-15-06$ ./diffs_startn12.pl 
(11xN for N=11..18, 1/4/2007)

11:2680
12:68264,65584
13:813448,745184,679600
14:6471872,5658424,4913240,4233640
15:39290462,32818590,27160166,22246926,18013286
16:193892860,154602398,121783808,94623642,72376716,54363430
17:807998022,614105162,459502764,337718956,243095314,170718598,116355168
18:2937029436,2129031414,1514926252,1055423488,717704532,474609218,303890620,187535452


